-0.3283585689807744234514075287734158337116241455078125
-0.2224913577116081342399667164499987848103046417236328125
0.340841183481500331620139832011773250997066497802734375
-0.035352808423557181838337015733486623503267765045166015625
0.2154453523055124553042816160086658783257007598876953125
0.11275895551082261436537379495348432101309299468994140625
-0.17876022129258484216762781215948052704334259033203125
-0.1518900184242957529523465609599952585995197296142578125
0.018889608623560212585790196726520662195980548858642578125
0.040425571608975217896553289165240130387246608734130859375
0.231573147268668566578497802765923552215099334716796875
0.1233089299308809672073294905203511007130146026611328125
0.17021517170338562596754172773216851055622100830078125
0.06859396319306820810624003570410422980785369873046875
0.333142065906060380608977311567286960780620574951171875
0.1317474887128192995167097478770301677286624908447265625
0.302412948742361742393569556952570565044879913330078125
-0.2405637348025736199641499979406944476068019866943359375
-0.288622765483752929949190502156852744519710540771484375
0.1154002425425892097710089956308365799486637115478515625
0.11054163847271773757352519851338001899421215057373046875
-0.07999963138757930358746506271927501074969768524169921875
-0.007601593656192802590798596185095448163338005542755126953125
-0.1228168414550818710040402947925031185150146484375
-0.0219505920792497123683606474742191494442522525787353515625
-0.06724548540098100601891673022691975347697734832763671875
0.310657629271156643380180639724130742251873016357421875
-0.060919229839448939267665394936557277105748653411865234375
0.256613314864356734101846768680843524634838104248046875
0.288017096554954055154240677438792772591114044189453125
-0.1971238557175982453184559517467278055846691131591796875
0.08532546733396877136623714932284201495349407196044921875
0.094149124719572763186903330279164947569370269775390625
0.1338008950941138308632361031413893215358257293701171875
-0.4156512115853134847753835856565274298191070556640625
0.05620923202176099364724137785742641426622867584228515625
-0.01369324069422778004934126983016540179960429668426513671875
0.18834147886990726394884632100001908838748931884765625
-0.0635332492408211269019346900677192024886608123779296875
-0.1184202402896510630814219666717690415680408477783203125
0.1269530493661299441754408690030686557292938232421875
-0.007301087978463596979417093990605280851013958454132080078125
0.187350084111879533477207360192551277577877044677734375
0.02466451739267043474779228517945739440619945526123046875
-0.18950266486430911161420453936443664133548736572265625
0.07392114931238859265594243197483592666685581207275390625
0.2058429367865330927855893605737946927547454833984375
0.25821247829671978291088407786446623504161834716796875
0.175061968496173225862122535545495338737964630126953125
0.2708587208273278701398112389142625033855438232421875
0.25972653494542630170371921849437057971954345703125
0.26163272019035310744783373593236319720745086669921875
-0.50187680369023379700621489973855204880237579345703125
-0.10846789170138447511160251224282546900212764739990234375
-0.1669812734320814950894629191679996438324451446533203125
0.0270410212077631210980666054410903598181903362274169921875
-0.0565420136673721318576468775063403882086277008056640625
0.1952082375144644499354029676396748982369899749755859375
0.04473819953765577339677150803254335187375545501708984375
0.0196969568346531710700819672865691245533525943756103515625
0.11298935231167180071043532052499358542263507843017578125
0.1681485500488321405132552399663836695253849029541015625
-0.348124270357451581769936410637455992400646209716796875
-0.08454403565052036328975049173095612786710262298583984375
0.13661138236582270888419543553027324378490447998046875