0.0228563707873277628668251537646938231773674488067626953125,0.026254413583153730915586976379927364178001880645751953125,0.0119061608318269673834066679773968644440174102783203125,0.01426716166501721012871417570977428113110363483428955078125,0.0194207796718170282168625107033221866004168987274169921875,0.0290239060886459399046799489951808936893939971923828125,0.0242591448046767625690289804651911254040896892547607421875,0.025168928983156209355787069625876029022037982940673828125
0.022779771342626049801527443605664302594959735870361328125,0.00509712822869669464342923248523220536299049854278564453125,-0.004542316719987299182548223797084574471227824687957763671875,0.0173853894461118742287286664804923930205404758453369140625,0.01511433959772461900483708774345359415747225284576416015625,0.00908839069535571746072388776838124613277614116668701171875,0.01097138764834294268057934829130317666567862033843994140625,0.0116675278325101931808926991607222589664161205291748046875
0.01403192403118080390511668298358927131630480289459228515625,0.0034111734719327359288687517846483387984335422515869140625,0.00590748260368137954878786644030697061680257320404052734375,0.0271522111075459815499044680109363980591297149658203125,0.0267758399030477468871769275438055046834051609039306640625,0.018465877848942609251725599506244179792702198028564453125,0.0240600616047485782456050174005213193595409393310546875,0.01417743387577517256981085580491708242334425449371337890625
0.005483897428758234375567592877587230759672820568084716796875,0.0049785041143756390835672931416411302052438259124755859375,0.00163332864546117222104282262762353639118373394012451171875,0.0351126860223390513393582068601972423493862152099609375,0.016559430566734721634869487161267898045480251312255859375,0.0195488418866146367036673581196737359277904033660888671875,0.00964578547050763679404639105996466241776943206787109375,0.0109473546521518007301754238369539962150156497955322265625
-0.1188252988602385429306451669617672450840473175048828125,0.01031997300350301870197622378100277273915708065032958984375,0.01184583723125624300787084308694829815067350864410400390625,-0.0029371214858467296036914628842851016088388860225677490234375,-0.000619980189248424233550149864413469913415610790252685546875,0.00444655483891440682364670777815263136290013790130615234375,-0.0027256281397974309148313221129455996560864150524139404296875,0.004764726386233175160767050471122274757362902164459228515625
0.00142351194775169301483253025963904292439110577106475830078125,-0.002601675979103539038117531845273333601653575897216796875,-0.024117813981254447586177747098190593533217906951904296875,-0.01235890840342948084062957292417195276357233524322509765625,-0.0016476942403327349447039740226728099514730274677276611328125,-0.01185382678351776068736977975959234754554927349090576171875,0.01000704044692713422237684284255010425113141536712646484375,-0.0293411727608997134619794877608001115731894969940185546875
0.005451860797506706719783853287708552670665085315704345703125,-0.0085142642945489725725405349976426805369555950164794921875,0.006459169204542415838876667777412876603193581104278564453125,0.01026715663553603476165765329142232076264917850494384765625,-0.002246094545416484240807353245372723904438316822052001953125,0.0126607035898547437557937200836022384464740753173828125,0.006788014865032714929837798223388745100237429141998291015625,-0.00611045596174250062182498055562973604537546634674072265625
-0.0034925149034225784483442822647702996619045734405517578125,-0.0193354507226259075824970068424590863287448883056640625,-0.008046660715662616591981048941306653432548046112060546875,0.01175450421045768668870667994497125619091093540191650390625,0.00120893959618766544568402299120180032332427799701690673828125,-0.003446433551600924273528026020585457445122301578521728515625,-0.013009634504373514263253497347250231541693210601806640625,-0.0019107800997647688724667691673175795585848391056060791015625
-0.1944391010949258757900537375462590716779232025146484375,0.0215945578951817172830285329609978361986577510833740234375,0.031898214372114840065020047177313244901597499847412109375,0.0097252433723480601057698180511579266749322414398193359375,0.0122753210861218826910334911417521652765572071075439453125,0.0208452198782750862393609025957630365155637264251708984375,0.01451806491339447009736307592220327933318912982940673828125,0.0170937311806871779229499708208095398731529712677001953125
0.0292817759336417675342101318847198854200541973114013671875,0.01052498412909178525376230339816174819134175777435302734375,-0.000753075387944190412226053155109184444881975650787353515625,0.0245648322601620429372903942066841409541666507720947265625,0.006840242973984725187441835458912464673630893230438232421875,0.0094948254811076417125637050276054651476442813873291015625,0.01394648271009781177742770097438551601953804492950439453125,0.0033218398213921036810081233170421910472214221954345703125
0.01424807607460647392028096902549805236048996448516845703125,0.00954520923281965312512387100696287234313786029815673828125,0.00774600045656381741565610354882664978504180908203125,0.0165583812325012201538410039347581914626061916351318359375,0.006169092314157961949583341976222072844393551349639892578125,0.01732998178515909870611721999011933803558349609375,0.0230269610385001009811301031504626735113561153411865234375,0.017009138736038854899934591458077193237841129302978515625
0.006601230307851637009453060755959086236543953418731689453125,0.005826963120032362629385769281498141936026513576507568359375,0.0132800721057384878143192707966591115109622478485107421875,0.0162049998363793419653422489545846474356949329376220703125,0.01576300470186829671970230037914006970822811126708984375,0.0077786678950317704461792089887239853851497173309326171875,0.004282926411538015738778018004495606874115765094757080078125,0.018932274815943339607571260785334743559360504150390625
-0.08623156516127984672070994065506965853273868560791015625,0.032636821440308987074541136053085210733115673065185546875,0.0139776537268391891355445721956130000762641429901123046875,0.00174347403602631545981027638703153570531867444515228271484375,0.033139372836685436485293365649340557865798473358154296875,0.01909194297424414432651218476166832260787487030029296875,0.0246261682812881181614539372048966470174491405487060546875,0.019396928062128775127614943585285800509154796600341796875
0.019039934318530842005667835792337427847087383270263671875,0.0115955870752597577089115787885020836256444454193115234375,0.00916120250139540633071977282497755368240177631378173828125,0.019169644792474370420531926129115163348615169525146484375,0.0037739160335916442125248071448595510446466505527496337890625,0.011126316133155546295174787019277573563158512115478515625,0.0180221753962247245584027410814087488688528537750244140625,0.01755783045053090074549828614181024022400379180908203125
0.02563738616485533583500000531785190105438232421875,0.01335885649535663126374895881554039078764617443084716796875,0.031715137612068670935894232343343901447951793670654296875,0.0190063880550585644069183643978249165229499340057373046875,0.0239234043302334019320820601706145680509507656097412109375,0.01859505735405582449448758097787504084408283233642578125,0.01321005655101519828120704147522701532579958438873291015625,0.00639817177402999225088731094501781626604497432708740234375
0.0304737002544901713907421481053461320698261260986328125,0.0217872473526274749999753765905552427284419536590576171875,0.024459999007478479271515681148230214603245258331298828125,0.0093514503691473314928028770509627065621316432952880859375,0.01526615753923738459663095312635050504468381404876708984375,0.02863935958508519175058637529218685813248157501220703125,0.005646492027897068687047887891594655229710042476654052734375,0.0199718236572646833104638375289141549728810787200927734375
-0.0760515094013334003175685893438640050590038299560546875,0.00598897682425088458135764568623926606960594654083251953125,0.00877417030433500465258500611298586591146886348724365234375,-0.007569566058882311147815169505292942631058394908905029296875,0.000720943255765990891233141457661304229986853897571563720703125,0.0020782150413963316852583584903868541005067527294158935546875,-0.00986059983763402751744120422472406062297523021697998046875,0.01207660885745654409662019901361418305896222591400146484375
0.01329397190886808834131560530522619956173002719879150390625,0.0100974889737130736622194859819501289166510105133056640625,-0.00395467620196599499438061542377909063361585140228271484375,-0.00431895758211386752989380255485230009071528911590576171875,0.005216497535119380725421311950640301802195608615875244140625,0.005294280010005093274616516652031350531615316867828369140625,0.018628610859698531421191347590138320811092853546142578125,0.0020217806638236916934314724159094112110324203968048095703125
0.00816502295986194955024206620919358101673424243927001953125,0.0176884775796390426860771327710608602501451969146728515625,0.0279680674322148499488793760292537626810371875762939453125,-0.006085594957546081214261324277003950555808842182159423828125,0.006583336944163089253512222143172039068304002285003662109375,0.0169731492218668060523167895325968856923282146453857421875,0.015818320168700931993566172195642138831317424774169921875,0.02615240146660942344158939931730856187641620635986328125
-0.0024962232446965105549241403792848359444178640842437744140625,0.001500948885802540037903707315081192064099013805389404296875,0.01277770225438052721644854869964547106064856052398681640625,0.006213688110707454685666117910614048014394938945770263671875,0.00893241801775953615794012563355863676406443119049072265625,0.005770183322952946412820462995796333416365087032318115234375,-0.00099795421261590654994633187158115106285549700260162353515625,0.007249118328753021041344073438494888250716030597686767578125
-0.1514353198682875378811019118074909783899784088134765625,0.002695578562790414654803949900951920426450669765472412109375,0.004719997690011819464761533282626260188408195972442626953125,-0.0227404030668707062001754337643433245830237865447998046875,-0.0067482316387132666724024687709970748983323574066162109375,0.0167525064855725859536139665806331322528421878814697265625,0.0014249380697519309531273723479216641862876713275909423828125,-0.002584147383240707578078154682543754461221396923065185546875
-0.0028063747001770386786667632605940525536425411701202392578125,-0.00495343455962418514892942056349056656472384929656982421875,-0.02253355409323899716245165336658828891813755035400390625,0.0005432120378974255973936191566053821588866412639617919921875,-0.002370000987810253444132424505141898407600820064544677734375,-0.0157491283693422766398750667349304421804845333099365234375,0.0105854977024965497822694970864176866598427295684814453125,-0.0123212551831841203575645948831152054481208324432373046875
-0.0084687407244677659345910569754778407514095306396484375,0.01485469687961800573650084089649681118316948413848876953125,0.0144475859870921811978217164096349733881652355194091796875,0.0029328061719019120172358139342350114020518958568572998046875,0.003943012851251876359215398082369574694894254207611083984375,0.0041668532450388935661766964813068625517189502716064453125,0.000622434483884489494869007852884124076808802783489227294921875,0.0114177581420965672254208556068988400511443614959716796875
-0.000008828860931214705192967596991682199814022169448435306549072265625,-0.00700313656000741378837570749738006270490586757659912109375,-0.0237452988807917604596742222611283068545162677764892578125,-0.019326004679036688782556296928305528126657009124755859375,-0.0134894619290370464115280668693230836652219295501708984375,-0.0176319989650199245023731720038995263166725635528564453125,-0.0237005933204222259125248939426455763168632984161376953125,0.00833937140452409818303092237101736827753484249114990234375
-0.1947177307487658326490276294862269423902034759521484375,0.01209456064363345628720480817719362676143646240234375,0.0180346874003475647618710553388154949061572551727294921875,0.0188990059668174385787420277438286575488746166229248046875,0.028112158411826515536091619651415385305881500244140625,0.0177929696230579581506248132427572272717952728271484375,0.0153056333538134185789925112430864828638732433319091796875,0.032425170408486338191611508818823494948446750640869140625
0.0217366293253179014566267568397961440496146678924560546875,0.0227772138366110869778236036609087022952735424041748046875,0.0232481173956571619820810070677907788194715976715087890625,0.032180859507717353429345763515811995603144168853759765625,0.02779865780683947462659233451631735078990459442138671875,0.02524474013617923617847083050946821458637714385986328125,0.0192701652994382958972163777389141614548861980438232421875,0.0116999919858666590055662481972831301391124725341796875
0.039914363784054850137206216231788857840001583099365234375,0.034009512690039468696401314673494198359549045562744140625,0.0294511380831018916570673837895810720510780811309814453125,0.0291245509214778271200874115720580448396503925323486328125,0.032241328897376152207154831330626620911061763763427734375,0.03866318122070529217371159802496549673378467559814453125,0.01228201083891552504445687787892893538810312747955322265625,0.0256804673271173559967461841324620763771235942840576171875
0.0228794250047346971188577668954167165793478488922119140625,0.040681583848737622177704764681038795970380306243896484375,0.0201038869863385920300213882683237898163497447967529296875,0.010136070935910825030479287534035393036901950836181640625,0.0197092709478178008952742317205775179900228977203369140625,0.0162863487933142710162304211962691624648869037628173828125,0.0233175038584325401702646018975428887642920017242431640625,0.037431660445042820584138354433889617212116718292236328125
-0.0558522067066184180195165254190214909613132476806640625,-0.00414348917404003778963694770709480508230626583099365234375,0.02354316784910810700370831227701273746788501739501953125,-0.002956777143372343354121856151550673530437052249908447265625,0.007802745457285638862321430764268370694480836391448974609375,-0.0028057709518557144394435010070765201817266643047332763671875,-0.00294836634544279850567161105345803662203252315521240234375,-0.005502888002216470113292512422731306287460029125213623046875
0.020930302230563878340685590728753595612943172454833984375,-0.017094490902350052696778703875679639168083667755126953125,-0.0287650296185860930575639571316060028038918972015380859375,0.0034455861519066938690458723471010671346448361873626708984375,0.01379244048991686878713469610602260218001902103424072265625,-0.006407239482708308557501464264305468532256782054901123046875,0.0021438972022942144428359068086820116150192916393280029296875,-0.033044119088238045611749527097344980575144290924072265625
0.009064667967723927244350079490686766803264617919921875,0.00318306415197425023044797143256801064126193523406982421875,0.01285544856077691817930475082221164484508335590362548828125,0.00920720928447747201384121495948420488275587558746337890625,-0.002806058490879799645345560321629818645305931568145751953125,-0.00044058482790078324319027469613274661242030560970306396484375,0.010963765355026140746463880759620224125683307647705078125,0.001933800156075075882267100269018555991351604461669921875
0.00285656614477085811498735523628056398592889308929443359375,-0.0077906676089930480821887925912960781715810298919677734375,-0.008621683982222148878715728415045305155217647552490234375,-0.0095294190427503248919105516279159928672015666961669921875,-0.01394592705352990479050756533752064569853246212005615234375,-0.0027408838535381021238312992949204272008500993251800537109375,-0.0125052036025549047348892628406247240491211414337158203125,0.0035999610094886651083523343430670138332061469554901123046875
-0.174898914882092137990099445232772268354892730712890625,0.032774224081748182246798251071595586836338043212890625,0.0302805305094937006471500495763393701054155826568603515625,0.022972171789770921834783479198449640534818172454833984375,0.01672968054444927410440158155324752442538738250732421875,0.022776363885397221675788159700459800660610198974609375,0.0412143623545791759621437222449458204209804534912109375,0.026066511718873079661573655130268889479339122772216796875