0.027124146058558361305212969227795838378369808197021484375,0.0148730793011722130236851313611623481847345829010009765625,0.0273012296559879998059106043228894122876226902008056640625,0.016808704427056564423281770359608344733715057373046875,0.011347036637067230147035701293134479783475399017333984375,0.0179593800274603261624140060348508995957672595977783203125,0.01371014967358376822337273637231191969476640224456787109375,0.008532384839700417333840931632948922924697399139404296875
0.018266129612346852784110495804270613007247447967529296875,0.0341503970011209911916694181854836642742156982421875,0.0182288749956686681186202036997201503254473209381103515625,0.01055388826751996016184431681494970689527690410614013671875,0.026446034913161657609048660333428415469825267791748046875,0.014494616477782988617217796445402200333774089813232421875,0.0181975632859343421088293979437366942875087261199951171875,0.0219449631676104754685052711238313349895179271697998046875
0.0235158297926430538693498561997330398298799991607666015625,0.01351405905383597401414608185632459935732185840606689453125,0.015619670975076375973866760205055470578372478485107421875,0.034222827817979521725089142591968993656337261199951171875,0.0333606112394013443189777490260894410312175750732421875,0.01383202648309434824869246227763142087496817111968994140625,0.0202071040466841080063264968202929594554007053375244140625,0.018036558383731804422467348558711819350719451904296875
0.00657084952988539437723769509602789185009896755218505859375,0.0248788723818585133518155316778575070202350616455078125,0.028634649869847546288514905654665199108421802520751953125,0.0241031642959144386251235658846781007014214992523193359375,0.03779503266588722654173437831559567712247371673583984375,0.033725374707409432051274933428430813364684581756591796875,0.0164755216681460557592853177766301087103784084320068359375,0.01470064427812386130545174722783485776744782924652099609375
-0.11996707728273882376246461944901966489851474761962890625,-0.01065022478675345905807514412799719139002263545989990234375,-0.015295779739113619932755483432629262097179889678955078125,0.0011517283112637073834438883324082780745811760425567626953125,-0.00874773990264081369172544100365485064685344696044921875,0.0034468227277535102258398946872830492793582379817962646484375,-0.029083262230320816588147181391832418739795684814453125,-0.02055825795177330939100812656761263497173786163330078125
0.0012118992175541650098413715141987267998047173023223876953125,-0.005426937813150696683639484518835160997696220874786376953125,0.0123669779432079053604898177809445769526064395904541015625,-0.0115234688541490416791024387066499912180006504058837890625,-0.011505279902838665140318852309064823202788829803466796875,-0.0207234607576924044491928356137577793560922145843505859375,-0.002773142171434228066273508517269874573685228824615478515625,-0.0021895907735280805035682494263937769574113190174102783203125
0.01956042071585739616779164862236939370632171630859375,-0.006235147745507415260879380269898319966159760951995849609375,-0.004702590958060017152508880400318957981653511524200439453125,-0.0017936094198795376510047194784647217602469027042388916015625,0.019925840560274965529430346578010357916355133056640625,-0.029461832216077267487808200030485750176012516021728515625,0.006639741648399011784975609629100290476344525814056396484375,-0.0004653505950316584485575155394343482839758507907390594482421875
-0.002678991139980769521644621278255726792849600315093994140625,-0.014875919732097335479448219075493398122489452362060546875,0.003885435861496813574056385931498880381695926189422607421875,-0.0134562955422093434576513715228429646231234073638916015625,0.040263072388684463531749457843034178949892520904541015625,0.0101176558573753683223372945576556958258152008056640625,-0.01527401332350340756871531766591942869126796722412109375,0.01067732099726934232031272387075659935362637042999267578125
-0.291229569564481149956947092505288310348987579345703125,0.031580093027703433350428241510599036701023578643798828125,0.0100378790938559191159296091200303635559976100921630859375,-0.003270341364541328073312076440970486146397888660430908203125,0.0003860147958200462630674876240988169229240156710147857666015625,0.03384151632066778603302736883051693439483642578125,0.0094049188722706011933638592381612397730350494384765625,0.0057375301154960929583825901545424130745232105255126953125
0.0156855980641320384705306167916205595247447490692138671875,0.00808099804398128111759813663184104370884597301483154296875,0.031083340956434939161834307697063195519149303436279296875,0.01633052089554283548000768178098951466381549835205078125,0.00928794267961769066943578110340240527875721454620361328125,0.007221853929836004500064650102331142988987267017364501953125,0.0112620840461237735341537558042546152137219905853271484375,0.008742930099579736269443941409917897544801235198974609375
0.0229656099103769627267634945155805326066911220550537109375,0.01243292210874585336510822486388860852457582950592041015625,0.01271090676917740504292542169650914729572832584381103515625,0.0251372750778218710665523616398786543868482112884521484375,0.024027943222733959272030546117093763314187526702880859375,0.007803958531415145123688592576627343078143894672393798828125,0.0192861159711680031636493737323689856566488742828369140625,0.022059569589833495639741300919922650791704654693603515625
0.0098374435284583651439849205644350149668753147125244140625,0.02207948082716205961961719594910391606390476226806640625,0.02652238611544270596720451749206404201686382293701171875,0.0253661801937436759413202480573090724647045135498046875,0.037391449879161813008021653104151482693850994110107421875,0.0250110810059042572295329165399380144663155078887939453125,0.0101121139482904000284069212511894875206053256988525390625,0.0180429422963060727413964201559792854823172092437744140625
-0.1200508512996828758279121984742232598364353179931640625,0.032286194360384268264851925778202712535858154296875,0.0262168439794220609062591620386228896677494049072265625,0.00872011850723642019389547641594617743976414203643798828125,0.031464604566521899020603569852028158493340015411376953125,0.01212062174252486433656539333014734438620507717132568359375,0.014769893500373221240096199835534207522869110107421875,0.00744399641970819141156834319872359628789126873016357421875
-0.0015043648035051606325074313730283392942510545253753662109375,0.01070599785424679144252291251859787735156714916229248046875,0.000895237833596476575807876496782000685925595462322235107421875,0.0271497719073531436351220946789908339269459247589111328125,0.021416327380050052819893124933514627628028392791748046875,0.00565488190462438977679227036787779070436954498291015625,0.01447862114942732869593555733445100486278533935546875,0.034320271180114901576896357937584980390965938568115234375
0.0294120526210435960512423747559296316467225551605224609375,0.025580954803816231823976323767055873759090900421142578125,0.0284184698701989528479838753582953359000384807586669921875,0.0275395400293204327402118991585666663013398647308349609375,0.0287249052354222843275177723398883244954049587249755859375,0.00417539918104250541708299948595595196820795536041259765625,0.0251422764420775983473799186640462721697986125946044921875,0.031358624010324957775974752394176903180778026580810546875
0.01447622348819918407236695401252291048876941204071044921875,0.02544183523355324216819184357518679462373256683349609375,0.027540310405610356203620625592520809732377529144287109375,-0.000982772834554502573711776136633488931693136692047119140625,0.00858271409308849868302626617833084310404956340789794921875,0.02556260049954921231840643258692580275237560272216796875,0.00937434778806211892188127166036792914383113384246826171875,0.0284161619580196277146111327738253748975694179534912109375
-0.1110389849864225342290779963150271214544773101806640625,0.0260219821259582255457143418198029394261538982391357421875,0.0023208297264010920024634998526380513794720172882080078125,0.007714545383875430310804954814329903456382453441619873046875,0.001413915757821453990372706499556443304754793643951416015625,0.0160664907375308550763204351596868946217000484466552734375,-0.007172557354049334532586357227046391926705837249755859375,0.0002835668948667971066453230566395404821378178894519805908203125
0.0001854432222035985451495665454757499901461414992809295654296875,0.0216970367303613541343221271517904824577271938323974609375,0.0135848245358283388484199605272806365974247455596923828125,0.01538828024939001108684077934185552294366061687469482421875,0.00603835872978647665576534819820153643377125263214111328125,-0.003219283643551874851684857503641978837549686431884765625,0.0177917937089760967717122497333548380993306636810302734375,0.00697329388150887130581878636803594417870044708251953125
0.01800202211466807311612825515112490393221378326416015625,0.0120204249704976458279492845804270473308861255645751953125,0.003523816648974398453575407330617963452823460102081298828125,0.01355120436700882162461834212763278628699481487274169921875,0.031567779918763437529971582762300386093556880950927734375,-0.010261290545656963357767921252161613665521144866943359375,0.0225597142796457872382376308451057411730289459228515625,0.0021020608865363701357742431952146944240666925907135009765625
0.010409766441972119477288316602425766177475452423095703125,0.0032151298101692582336041947854710087995044887065887451171875,0.01741934272315458220869999195201671682298183441162109375,-0.0125933751993581970196611763412875006906688213348388671875,0.021260613502054714896161158321774564683437347412109375,0.004535535139906011516119921367362621822394430637359619140625,-0.00947839579959466362046871523716617957688868045806884765625,0.014539881017667920237723677701069391332566738128662109375
-0.1930032224274644547801216276639024727046489715576171875,-0.01197592643358162851907611212709525716491043567657470703125,-0.0201994257923429794410186133291063015349209308624267578125,0.008423934298430225953158156926292576827108860015869140625,-0.0152369448786367524262264083745321840979158878326416015625,-0.009629137682126621966549606668195337988436222076416015625,-0.01099964510693603181312738570341025479137897491455078125,-0.0379254426683219569849114805037970654666423797607421875
-0.000774649678412689499280852079010628585820086300373077392578125,0.00745237872821380258059331680442483047954738140106201171875,0.0061566951659937120544530131382998661138117313385009765625,-0.0020572856652960043281896940214892310905270278453826904296875,-0.0151240817630960526496419760178469005040824413299560546875,-0.008243857369476227658910971740624518133699893951416015625,0.00484096997590090748209146198632879531942307949066162109375,-0.0043785380625106749830077745855305693112313747406005859375
0.0041416513800678241008501601072566700167953968048095703125,-0.01526237813480826009671087462038485682569444179534912109375,-0.003072684724623038661495133538892332580871880054473876953125,0.012469880854087671273600079757670755498111248016357421875,0.03209650195358558499858503409996046684682369232177734375,-0.0157560059152245558744542819340495043434202671051025390625,-0.002526098608263502125204080783760218764655292034149169921875,0.000506417195576407933206575240348001898382790386676788330078125
-0.005780160498195002945209797218240055372007191181182861328125,-0.007378110779801287134882503693233957164920866489410400390625,0.0123303829528831100648122998109101899899542331695556640625,-0.00985282582884403242140525236436587874777615070343017578125,0.0223749896603844013187600836545243510045111179351806640625,0.0038170545260687318254999578215347355580888688564300537109375,-0.01263577352601261312436964345806700293906033039093017578125,0.01106730845292196174778354134105029515922069549560546875
-0.23487965041191116721819298618356697261333465576171875,0.041595831556711593268715887461439706385135650634765625,0.0254207085052326198226779752076254226267337799072265625,0.043466142770263373196204526038854965008795261383056640625,0.0367349107522097206857125684109632857143878936767578125,0.0388761929882758539012144183288910426199436187744140625,0.04049251830996715428856447260841378010809421539306640625,0.0313856613948659546320385516082751564681529998779296875
0.0337388171132305958455077643520780839025974273681640625,0.0154723019045577732388796476925563183613121509552001953125,0.03300621599975435416229885277061839587986469268798828125,0.0238931770690163740311628970403035054914653301239013671875,0.025238898264545721328300231789398822002112865447998046875,0.04413405025389016689274512827978469431400299072265625,0.049526810843772271775176108121740981005132198333740234375,0.029068239430930599420666027299375855363905429840087890625
0.0367059900128324512191824169349274598062038421630859375,0.0390670264091804442241340211694478057324886322021484375,0.03508012099987524445854347732165479101240634918212890625,0.033990408010693827500769970129113062284886837005615234375,0.034394981167194242643869728226491133682429790496826171875,0.039579853545854637442147350157028995454311370849609375,0.02866222256152560488029479301985702477395534515380859375,0.0351909576010557001435330448657623492181301116943359375
0.0279599282426755725572409261303619132377207279205322265625,0.037834203894245362065351656610801001079380512237548828125,0.03647076120241844743308234910728060640394687652587890625,0.031570624986196955952255649435755913145840167999267578125,0.0320790334306669533415146133847883902490139007568359375,0.0314353130477997566583070465640048496425151824951171875,0.038329377670193238991647177726918016560375690460205078125,0.0175791871084285782067535564010540838353335857391357421875
0.0282018250754247877531977195530998869799077510833740234375,-0.018794068428776782020417357443875516764819622039794921875,0.0017436950275359626265359036523250324535183608531951904296875,-0.01113849992221785205337436508443715865723788738250732421875,-0.018162093244790511459285653472761623561382293701171875,0.01192780162318540261578991845681230188347399234771728515625,-0.0219655339824536104120777935122532653622329235076904296875,0.0028464756035370543212070781891043225186876952648162841796875
-0.00947255324201363990699320538624306209385395050048828125,-0.00147804274703677569584303608252184858429245650768280029296875,0.01383118617063731035921048118098042323254048824310302734375,-0.0184498522517634357120730470569469616748392581939697265625,-0.016512800371892406847695866645153728313744068145751953125,-0.005973857619836768668986071162407824886031448841094970703125,0.0038708752132842051511818493025884890812449157238006591796875,-0.0042361856878194679987270632182116969488561153411865234375
0.024911691306410681245875338163386913947761058807373046875,-0.005758758574360007577441766812853529700078070163726806640625,0.0080521145299199854694638389673855272121727466583251953125,-0.0000321138008187825594566718045985709295564447529613971710205078125,0.02421170235806181791904378997060121037065982818603515625,-0.0078299625286694755910144039035003515891730785369873046875,0.0069111360746577539526658284785298747010529041290283203125,0.0158225133923051812512294844736970844678580760955810546875
0.006601235072563794818722993085202688234858214855194091796875,-0.00278639719206130731521398047334514558315277099609375,0.0149533549217896709337960459151872782967984676361083984375,-0.01392887825282983042807227747061915579251945018768310546875,0.0242656135162713192110484072827603085897862911224365234375,0.01245188529200730483126324799059148062951862812042236328125,-0.01370754059816372931457362227547491784207522869110107421875,0.01251755119706789154410131459371768869459629058837890625
-0.23003472170360328430405161270755343139171600341796875,0.035660022718414667586284139133567805401980876922607421875,0.03525180825304481679882684375115786679089069366455078125,0.0252872970128638525910691470244273659773170948028564453125,0.041905121992502236683009186890558339655399322509765625,0.041079846700556858773989432620510342530906200408935546875,0.032803761344410591049847170097564230673015117645263671875,0.032224161576043762467147502093212096951901912689208984375