-0.438648169610343197089008526745601557195186614990234375
0.2234253321402930037020695408500614576041698455810546875
-0.11041744473189570030502437703034956939518451690673828125
0.127043382097354606852235292535624466836452484130859375
-0.10349586839483150557672530567288049496710300445556640625
0.041264284059469295840028024713319609872996807098388671875
0.077392106921830128296591055914177559316158294677734375
0.30591668390401227650698956495034508407115936279296875
-0.240007957801634586036954033261281438171863555908203125
0.0270954724172074896959561129961002734489738941192626953125
0.17916892393779171310796982652391307055950164794921875
-0.02046066233843742143694299784328904934227466583251953125
-0.06588814235821351117383670725757838226854801177978515625
0.12932990214998574263205455281422473490238189697265625
0.238544214271843413310847381580970250070095062255859375
0.28528069723746096730820909215253777801990509033203125
0.004375009241216177256761366010096026002429425716400146484375
0.11557532101798335955056273860463988967239856719970703125
0.349252282699333893578597098894533701241016387939453125
-0.00453378332305715177341642885266992379911243915557861328125
0.109347093712778065111024261568672955036163330078125
-0.327324168337418897056778632759233005344867706298828125
-0.0671863133758131836348326260122121311724185943603515625
-0.285302071914166066601836746485787443816661834716796875
0.17916127083977928524660683251568116247653961181640625
0.0686968766386116536093453532885177992284297943115234375
-0.396502334795790389865288716464419849216938018798828125
0.309730344580827210432261153982835821807384490966796875
0.217591650345704490376874673529528081417083740234375
-0.0942652758825489323069035663138492964208126068115234375
0.046109222172883372603546803247809293679893016815185546875
-0.08476841726058333137405753632265259511768817901611328125
0.15048245285141348404067684896290302276611328125
-0.038519283911321262892091255025661666877567768096923828125
-0.176849726276814889214250570148578844964504241943359375
0.2046119878366540467684586701579974032938480377197265625
-0.1302568587949185230367987742283730767667293548583984375
0.14871181593038240720261455862782895565032958984375
0.274153278983668868828971199036459438502788543701171875
0.00968350006807558623400655761770394747145473957061767578125
-0.09017326458415812762137164781961473636329174041748046875
0.0903121105910033861174923686121474020183086395263671875
-0.029533669660155963121450639619069988839328289031982421875
-0.1109401129082969450490026019906508736312389373779296875
-0.032308455021063754719623517530635581351816654205322265625
-0.001003437363266009539619627588535877293907105922698974609375
0.10715070301646996420164015262344037182629108428955078125
0.15326733771011114004778619346325285732746124267578125
0.1661630779240605149116305483403266407549381256103515625